3,2
47,4
3,1
47,3
47,2
3,3
47,1
47,0
46,3
46,2
46,1
46,0
45,3
45,2
45,1
45,0
44,5
44,4
44,3
44,2
44,1
44,0
43,4
43,3
43,2
43,1
43,0
41,5
41,4
41,3
41,2
41,1
41,0
38,5
10,245
38,4
38,3
38,2
38,1
38,0
36,5
10,169
10,151
10,239
10,153
10,285
10,85
36,4
36,3
36,2
36,1
36,0
34,5
10,125
34,4
34,3
34,2
11,25
34,1
24,3
11,7
24,1
11,23
11,29
11,27
11,24
11,20
11,19
11,16
9,2
11,15
11,14
11,13
11,10
8,15
8,7
11,9
8,13
11,5
11,4
11,3
8,5
11,2
8,2
11,1
8,3
10,282
12,2
12,1
10,218
12,3
10,207
10,204
10,187
10,185
10,182
10,162
10,159
10,154
20,2
20,1
10,143
20,3
19,2
19,1
10,120
19,3
